	A	C	G	T
1	0.614988978692145	0.152094048493751	0.0874357090374727	0.145481263776631
2	0.0389419544452611	0.0551065393093311	0.024246877296106	0.881704628949302
3	0.0675477239353891	0.23127753303965	0.0499265785609401	0.651248164464021
4	0.197069597069599	0.0219780219780219	0.011721611721612	0.769230769230767
5	0.14327485380117	0.094298245614035	0.75219298245614	0.010233918128655
6	0.0759678597516437	0.905040175310446	0.0116873630387139	0.00730460189919647
7	0.972972972972973	0.010956902848795	0.00365230094959821	0.012417823228634
8	0.0584368151935718	0.0175310445580719	0.0219138056975889	0.902118334550767
9	0.44704163623083	0.13586559532505	0.26661796932067	0.15047479912345
10	0.662527392257124	0.0211833455076701	0.0131482834185541	0.303140978816652
11	0.0460189919649381	0.602629656683712	0.265157048940831	0.0861943024105193
12	0.899196493791088	0.0577063550036519	0.00876552227903578	0.0343316289262239
13	0.929041697147038	0.0263350402340889	0.0365764447695679	0.00804681784930499
14	0.513177159590044	0.0204978038067351	0.0424597364568083	0.423865300146413
15	0.28519061583578	0.048387096774194	0.620234604105569	0.046187683284457
