	A	C	G	T
1	0.143521696668748	0.316811118787207	0.206640594640032	0.333026589904013
2	0.36383813604012	0.275174615311842	0.143142116553203	0.217845132094835
3	0.167173224020101	0.561442026814	0.177494931676979	0.0938898174889205
4	0.00239463574133102	0.95975098545757	0.0323451267696561	0.0055092520314428
5	0.40055854093943	0.250652424965242	0.120081895492983	0.228707138602346
6	0.00233063551983355	0.0114233399700827	0.00425466518163387	0.98199135932845
7	0.77400484171542	0.00687545727613501	0.218576127215643	0.000543573792801973
8	0.0429197773935804	0.00181336264404194	0.953809070630777	0.00145778933160113
9	0.00543371378869397	0.952583862763863	0.00110611950360967	0.040876303943833
10	0.957141627633677	0.000548985469294931	0.0319435392595641	0.0103658476374643
11	0.990767750490925	0.00285868085622377	0.00549948779677093	0.000874080856079885
12	0.0020520133961925	0.990863704680488	0.0010097994147498	0.00607448250856966
13	0.114722062357067	0.34936325441026	0.464140603645587	0.0717740795870856
14	0.280483446777936	0.181532320386622	0.373684482185152	0.16429975065029
15	0.282246268518964	0.183429465414754	0.218756072490604	0.315568193575678
