	A	C	G	T
1	0.241054977087353	0.181590069780002	0.146782242977024	0.430572710155621
2	0.334692192495513	0.284570034832139	0.183857977506971	0.196879795165378
3	0.149992524211	0.369289378817445	0.26726831279667	0.213449784174885
4	0.022041363597139	0.923938823551135	0.0292716779901076	0.0247481348616189
5	0.270991388289048	0.387582160551287	0.133916445346652	0.207510005813013
6	0.0640652192617216	0.0268894128154025	0.0609472666274695	0.848098101295406
7	0.502352440447566	0.014409407180867	0.481031856712005	0.00220629565956166
8	0.0047037465752383	0.00348028351582668	0.984760561029272	0.00705540887966287
9	0.362619328088398	0.00222506680928116	0.00418671493351844	0.630968890168802
10	0.00895884868188487	0.0115320140766444	0.043287361747292	0.936221775494179
11	0.95223766804454	0.00999575183029181	0.0175712761004236	0.0201953040247444
12	0.00874147142043377	0.976873583547404	0.00647943959424187	0.00790550543792013
13	0.219428671872399	0.353878785122229	0.330698501823342	0.0959940411820298
14	0.234526945804143	0.265600694438555	0.292783713304445	0.207088646452857
15	0.296591764790528	0.268334253287231	0.2169304236669	0.21814355825534
